%YAML:1.0
# General sensor definitions.
camera_id: cameraLeft

# Sensor extrinsics wrt. the body-frame.
T_BS:
  cols: 4
  rows: 4
  data: [0.9999696204143095, 0.0026862211395019798, 0.007317271653524808, -0.035444853724645585,
         -0.0023778583642409027, 0.9991219422040934, -0.04182930068647981, 0.027123624325323524,
         -0.007423209417859271, 0.041810630494050476, 0.9990979767468398, -0.08347299538526054,
         0.0, 0.0, 0.0, 1.0]

# Camera specific definitions.
rate_hz: 30
resolution: [752, 480]
camera_model: pinhole
intrinsics: [761.4647615138686, 761.4647615138686, 377.4454002380371, 224.6072864532471] #fu, fv, cu, cv
distortion_model: equidistant
distortion_coefficients: [0.07525757441210025, -0.08486808035804223, 0.001236274758648792, 0.00130157183278924]
