%YAML:1.0
# General sensor definitions.
camera_id: cameraRight


# Sensor extrinsics wrt. the body-frame.
T_BS:
  cols: 4
  rows: 4
  data: [0.9999724067984401, 0.0028131744988207637, 0.006875441147401422, 0.014592751244124869,
         -0.0025215349630406544, 0.9991117260466352, -0.042064245358033374, 0.02720034674662339,
        -0.006987667934465662, 0.042045748005593304, 0.9990912508732549, -0.0834248763125158,
         0.0, 0.0, 0.0, 1.0]

# Camera specific definitions.
rate_hz: 30
resolution: [752, 480]
camera_model: pinhole
intrinsics: [761.4647615138686, 761.4647615138686, 377.4454002380371, 224.6072864532471] #fu, fv, cu, cv
distortion_model: equidistant
distortion_coefficients: [0.08868068986966593, -0.1509101016878234, -0.001127027285902509, -0.0001587654843894461]

